216.41292572021484
23.531829516092937
3.8952505111694338
2.939374844233195
2.6045714378356934
2.3760239601135256
2.3095571835835775
2.256176233291626
2.2331647555033367
2.1936686833699546
2.285820245742798
2.1440536340077716
2.150453631083171
2.147064145406087
2.147316487630208
2.0608205954233805
2.038735342025757
2.0598838965098065
2.063603679339091
2.0387837409973146
2.054810150464376
2.0265042861302693
2.013234241803487
2.0009852568308513
1.9977491696675618
1.9628384192784627
1.9592615127563477
1.9778853178024292
1.9932078440984091
1.9749558130900065
1.964383594195048
1.9499841213226319
1.9516270955403645
1.9779425779978435
1.9199133475621541
1.937165331840515
1.9515504598617555
1.9148661613464355
1.9347864151000977
1.9193111578623454
1.9231001059214274
1.9253961165746054
1.9143698612848918
1.933615469932556
1.9255442460378012
1.9156915585199992
1.8971511681874593
1.900850502649943
1.9166066249211628
1.8654426336288452
1.89110000928243
1.8803504625956218
1.874816616376241
1.8559624910354615
1.8736385027567546
1.8935115973154704
1.849980354309082
1.862723167737325
1.8829118728637695
1.8749029795328775
1.8571474472681682
1.8190231164296469
1.8866344134012858
1.872687578201294
1.872078251838684
1.8434890667597452
1.8522849082946777
1.8179752508799234
1.843744659423828
1.818924872080485
1.8456640164057414
1.8502981185913085
1.8718198537826538
1.834529161453247
1.8659884770711264
1.846954305966695
1.8471564054489136
1.8231956799825033
1.822730271021525
1.8607484896977742
1.8231805324554444
1.7817280371983846
1.8118133068084716
1.7824066321055094
1.8223294734954834
